13 0.103125 0.4703125 0.0484375 0.05078125
13 0.1875 0.46171875 0.0453125 0.0484375
13 0.2796875 0.46640625 0.0484375 0.05078125
13 0.33671875 0.4796875 0.040625 0.04296875
13 0.40625 0.4734375 0.03828125 0.040625
13 0.4390625 0.46015625 0.040625 0.04296875
13 0.4859375 0.48671875 0.03828125 0.04296875
13 0.49375 0.46640625 0.0359375 0.03125
13 0.53125 0.4671875 0.0359375 0.040625
13 0.5625 0.4578125 0.03828125 0.040625
13 0.5984375 0.478125 0.0359375 0.040625
13 0.61171875 0.4078125 0.04296875 0.0484375
13 0.6515625 0.4015625 0.040625 0.05078125
13 0.96484375 0.5609375 0.0484375 0.04296875
13 0.8578125 0.5421875 0.04296875 0.04296875
13 0.88359375 0.5328125 0.04296875 0.04296875
13 0.78828125 0.5046875 0.040625 0.04296875
13 0.76171875 0.5046875 0.040625 0.04296875
13 0.7203125 0.49609375 0.03828125 0.04296875
13 0.67890625 0.5046875 0.040625 0.03828125
13 0.73671875 0.41484375 0.04296875 0.05078125
13 0.7078125 0.36328125 0.0453125 0.053125