5 0.9171875 0.23828125 0.05546875 0.0265625
5 0.86328125 0.2546875 0.06015625 0.0265625
5 0.803125 0.240625 0.0625 0.0265625
5 0.71875 0.265625 0.0578125 0.0265625
5 0.66328125 0.25 0.0625 0.0265625
5 0.56875 0.27890625 0.0578125 0.0265625
5 0.5171875 0.2609375 0.0625 0.02890625
5 0.41015625 0.290625 0.0578125 0.02890625
5 0.90859375 0.78359375 0.14453125 0.06484375
5 0.90390625 0.7125 0.146875 0.06953125
5 0.671875 0.79296875 0.1828125 0.0578125
5 0.68984375 0.66953125 0.134375 0.0625
5 0.45546875 0.7515625 0.1734375 0.053125
5 0.50234375 0.63203125 0.12734375 0.06015625
5 0.26171875 0.70703125 0.16328125 0.0453125
5 0.0890625 0.6703125 0.15859375 0.04296875