17 0.134375 0.89921875 0.1078125 0.146875
17 0.125 0.71484375 0.10546875 0.146875
17 0.12265625 0.52265625 0.1078125 0.1390625
17 0.14296875 0.35703125 0.1078125 0.12265625
17 0.18984375 0.2171875 0.1109375 0.09609375
17 0.2765625 0.1390625 0.12265625 0.0796875
17 0.38125 0.0875 0.134375 0.05546875
17 0.50859375 0.06953125 0.134375 0.04296875
17 0.63359375 0.08671875 0.1390625 0.04296875
17 0.7234375 0.146875 0.1390625 0.0796875
17 0.8078125 0.2515625 0.11796875 0.125
17 0.86640625 0.365625 0.10546875 0.1421875
17 0.8921875 0.4828125 0.1078125 0.12265625
17 0.86875 0.5828125 0.1109375 0.0890625
17 0.77890625 0.6421875 0.1078125 0.06015625
17 0.65859375 0.67421875 0.11328125 0.05078125
17 0.53828125 0.67421875 0.115625 0.0453125