12 0.3140625 0.27734375 0.125 0.08203125
12 0.43046875 0.2546875 0.1078125 0.0671875
12 0.415625 0.28984375 0.146875 0.09140625
12 0.51953125 0.25703125 0.103125 0.06015625
12 0.51796875 0.31015625 0.146875 0.08671875
12 0.6078125 0.25625 0.10546875 0.0671875
12 0.62734375 0.290625 0.134375 0.09140625
12 0.7203125 0.27734375 0.12265625 0.08203125
12 0.66953125 0.3546875 0.1828125 0.125
12 0.7796875 0.3296875 0.15859375 0.1109375
12 0.2484375 0.3296875 0.16328125 0.115625
12 0.36640625 0.35546875 0.18046875 0.1296875
12 0.5140625 0.390625 0.2046875 0.14921875
12 0.88671875 0.43046875 0.22578125 0.18046875
12 0.7359375 0.49296875 0.27421875 0.21171875
12 0.1296875 0.43125 0.2359375 0.1703125
12 0.28828125 0.49296875 0.27421875 0.20703125
12 0.509375 0.57421875 0.334375 0.2640625