18 0.1765625 0.75390625 0.271875 0.24765625
18 0.4125 0.665625 0.24296875 0.21640625
18 0.70703125 0.7078125 0.25703125 0.23046875
18 0.86328125 0.6296875 0.228125 0.2046875
18 0.24765625 0.42578125 0.1515625 0.125
18 0.37734375 0.390625 0.1421875 0.115625
18 0.55390625 0.40859375 0.14921875 0.12265625
18 0.6546875 0.38203125 0.13671875 0.1109375
18 0.56640625 0.27734375 0.10078125 0.0796875
18 0.490625 0.28984375 0.103125 0.08203125
18 0.36328125 0.28359375 0.10078125 0.084375
18 0.27421875 0.2984375 0.10546875 0.08671875
18 0.5171875 0.21484375 0.0765625 0.0625
18 0.45546875 0.2234375 0.08203125 0.0625
18 0.35546875 0.2203125 0.07421875 0.06015625
18 0.2875 0.2296875 0.08203125 0.06484375
18 0.29296875 0.1859375 0.0671875 0.053125
18 0.35546875 0.17890625 0.0625 0.05078125
18 0.43125 0.18125 0.0671875 0.05078125
18 0.4859375 0.178125 0.06484375 0.0484375
18 0.2953125 0.15859375 0.05546875 0.04296875
18 0.3546875 0.15234375 0.0578125 0.03828125
18 0.4171875 0.15390625 0.05546875 0.0453125
18 0.4421875 0.1296875 0.0453125 0.03359375
18 0.43125 0.11640625 0.03828125 0.0265625
18 0.42421875 0.103125 0.03125 0.01953125
18 0.40234375 0.13359375 0.040625 0.03125
18 0.396875 0.11640625 0.0359375 0.0265625
18 0.3921875 0.10546875 0.03359375 0.021875
18 0.353125 0.13203125 0.05078125 0.03125
18 0.35 0.11640625 0.040625 0.021875
18 0.3484375 0.103125 0.0359375 0.021875
18 0.30078125 0.134375 0.0484375 0.0359375
18 0.303125 0.1203125 0.04296875 0.0265625
18 0.30625 0.10546875 0.03828125 0.021875