7 0.9734375 0.4421875 0.0484375 0.03359375
7 0.875 0.45078125 0.06015625 0.03125
7 0.7828125 0.4578125 0.06484375 0.0359375
7 0.67421875 0.46875 0.06484375 0.0359375
7 0.52734375 0.48046875 0.06015625 0.03828125
7 0.384375 0.49375 0.0671875 0.03828125
7 0.22265625 0.509375 0.071875 0.040625
7 0.0921875 0.5203125 0.07421875 0.04296875
19 0.20078125 0.775 0.1109375 0.09609375
19 0.4046875 0.740625 0.09375 0.08671875
19 0.584375 0.71015625 0.09375 0.0796875
19 0.74140625 0.6828125 0.0890625 0.07421875
19 0.89296875 0.6546875 0.09140625 0.06484375
19 0.9015625 0.76171875 0.196875 0.0796875
19 0.703125 0.80390625 0.2046875 0.084375
19 0.4640625 0.85703125 0.21875 0.09609375