17 0.13828125 0.91171875 0.2765625 0.1765625
17 0.6265625 0.790625 0.36328125 0.23046875
17 0.115625 0.46484375 0.23046875 0.14453125
17 0.84609375 0.30546875 0.2328125 0.12734375
17 0.5875 0.36171875 0.2359375 0.13203125
17 0.9265625 0.11328125 0.146875 0.0890625
17 0.7859375 0.14921875 0.17578125 0.09375
17 0.459375 0.2046875 0.17578125 0.10078125
17 0.2140625 0.2453125 0.1734375 0.103125
17 0.571875 0.05546875 0.13203125 0.084375
17 0.41015625 0.08046875 0.134375 0.0890625
17 0.12109375 0.12109375 0.134375 0.09375