14 0.2859375 0.8796875 0.12734375 0.22109375
14 0.44609375 0.88203125 0.12265625 0.22109375
14 0.515625 0.7640625 0.11328125 0.18984375
14 0.66328125 0.87890625 0.11796875 0.21640625
14 0.16484375 0.27890625 0.07421875 0.0890625
14 0.259375 0.2828125 0.07421875 0.0890625
14 0.3109375 0.2453125 0.06953125 0.0796875
14 0.3859375 0.28828125 0.071875 0.08671875
14 0.11796875 0.0375 0.053125 0.053125
14 0.18046875 0.03828125 0.05078125 0.053125
14 0.2203125 0.02421875 0.0484375 0.0453125
14 0.27265625 0.0453125 0.05078125 0.053125