14 0.09609375 0.81484375 0.05546875 0.15390625
14 0.17890625 0.81875 0.05546875 0.1515625
14 0.3421875 0.81953125 0.0578125 0.1515625
14 0.4234375 0.81953125 0.0578125 0.14921875
14 0.50390625 0.81640625 0.06015625 0.1421875
14 0.58046875 0.821875 0.06015625 0.14921875
14 0.66484375 0.82578125 0.0578125 0.146875
14 0.74375 0.8265625 0.06015625 0.1515625
14 0.82578125 0.82578125 0.0578125 0.15390625
14 0.46015625 0.33046875 0.06953125 0.125
14 0.6359375 0.33671875 0.06953125 0.12734375
14 0.9265625 0.3421875 0.0671875 0.1390625
14 0.8734375 0.14765625 0.0765625 0.11328125
14 0.6921875 0.1546875 0.06953125 0.11328125