11 0.1921875 0.4484375 0.09375 0.12734375
11 0.0796875 0.38671875 0.09140625 0.11796875
5 0.50859375 0.5671875 0.4953125 0.4546875
15 0.8171875 0.390625 0.08203125 0.115625
15 0.90234375 0.31015625 0.08203125 0.11328125
15 0.859375 0.2484375 0.06015625 0.07421875
15 0.76953125 0.2828125 0.06015625 0.0765625
15 0.7046875 0.32109375 0.06015625 0.0796875
15 0.65390625 0.35078125 0.06015625 0.08203125
21 0.27421875 0.30078125 0.05078125 0.071875
21 0.209375 0.26328125 0.05078125 0.0671875
21 0.1515625 0.2171875 0.05078125 0.0671875
21 0.08046875 0.178125 0.0484375 0.06484375