5 0.24296875 0.25703125 0.38203125 0.178125
10 0.87109375 0.18515625 0.13671875 0.0625
16 0.4578125 0.178125 0.10546875 0.05078125
16 0.52734375 0.1890625 0.1109375 0.0453125
16 0.59140625 0.203125 0.10546875 0.04296875
16 0.5515625 0.2390625 0.12734375 0.053125
16 0.64765625 0.26953125 0.12265625 0.05078125
16 0.65 0.4015625 0.1109375 0.06484375
16 0.5421875 0.4 0.1734375 0.0671875
16 0.6875 0.49296875 0.18046875 0.071875
16 0.7828125 0.48203125 0.1390625 0.0671875
16 0.85234375 0.58984375 0.18984375 0.084375