14 0.0671875 0.7015625 0.134375 0.10546875
14 0.15234375 0.71640625 0.17578125 0.11328125
14 0.36171875 0.67421875 0.16796875 0.1078125
14 0.3234375 0.54921875 0.1109375 0.0796875
14 0.4703125 0.53359375 0.115625 0.0765625
14 0.55859375 0.53359375 0.11796875 0.0765625
14 0.6859375 0.5140625 0.115625 0.07421875
14 0.5765625 0.4640625 0.08671875 0.0578125
14 0.6890625 0.45078125 0.0890625 0.0578125
14 0.75390625 0.4484375 0.09375 0.0578125
14 0.72734375 0.41328125 0.071875 0.0484375
14 0.85078125 0.4375 0.0890625 0.0578125
14 0.82109375 0.40234375 0.06953125 0.0453125
14 0.87734375 0.4 0.071875 0.0484375
14 0.83671875 0.37734375 0.0625 0.040625
14 0.94921875 0.3921875 0.06953125 0.0453125
14 0.91015625 0.3703125 0.06015625 0.03828125
14 0.91484375 0.35234375 0.053125 0.03359375
14 0.9640625 0.36640625 0.0625 0.03828125
14 0.9796875 0.3453125 0.040625 0.0359375
14 0.9625 0.33515625 0.0453125 0.03359375