14 0.03515625 0.228125 0.06953125 0.0359375
14 0.0875 0.23203125 0.11328125 0.053125
14 0.0265625 0.30859375 0.05078125 0.0453125
14 0.0484375 0.45078125 0.09609375 0.05546875
14 0.09765625 0.7328125 0.19453125 0.084375
14 0.23046875 0.2546875 0.125 0.0578125
14 0.14453125 0.33046875 0.1421875 0.0671875
14 0.40234375 0.2828125 0.13203125 0.06015625
14 0.334375 0.36796875 0.1609375 0.071875
14 0.2328125 0.49765625 0.1921875 0.09375
14 0.41796875 0.85703125 0.3171875 0.1515625
14 0.51328125 0.57578125 0.22578125 0.10546875
14 0.5625 0.4125 0.17578125 0.084375
14 0.6 0.3109375 0.14453125 0.0671875
14 0.8296875 0.34609375 0.15859375 0.071875
14 0.8546875 0.47109375 0.2015625 0.09375
14 0.8703125 0.67421875 0.259375 0.125