20 0.5 0.06953125 0.14453125 0.1296875
20 0.61875 0.1625 0.1390625 0.12734375
20 0.740625 0.2515625 0.1421875 0.1296875
20 0.37890625 0.1609375 0.1421875 0.13203125
20 0.25703125 0.2515625 0.146875 0.1296875
20 0.50234375 0.4 0.14453125 0.1296875
20 0.375 0.490625 0.14453125 0.13203125
20 0.62265625 0.490625 0.14453125 0.13203125
20 0.740625 0.5796875 0.1421875 0.13203125
20 0.25234375 0.58203125 0.14453125 0.13203125
20 0.49765625 0.73046875 0.14453125 0.12734375
20 0.2515625 0.9109375 0.146875 0.13203125
20 0.375 0.821875 0.14453125 0.1296875
20 0.61875 0.81953125 0.14453125 0.13203125
20 0.73828125 0.90859375 0.1421875 0.1296875