16 0.91484375 0.68984375 0.08671875 0.12265625
16 0.8859375 0.3921875 0.0796875 0.0984375
16 0.859375 0.1359375 0.071875 0.0890625
16 0.63125 0.69140625 0.08671875 0.0890625
26 0.39921875 0.859375 0.08203125 0.11328125
26 0.40390625 0.69140625 0.08203125 0.10546875
26 0.4078125 0.53515625 0.0796875 0.09609375
26 0.41015625 0.390625 0.07421875 0.0890625
26 0.4171875 0.25703125 0.06953125 0.084375
26 0.11171875 0.85703125 0.0765625 0.11328125
26 0.1421875 0.53515625 0.0765625 0.09609375
26 0.1578125 0.3921875 0.06953125 0.09140625
26 0.18046875 0.13359375 0.0671875 0.0796875