5 0.359375 0.2953125 0.21640625 0.084375
16 0.609375 0.6890625 0.11796875 0.0453125
16 0.62734375 0.6140625 0.10546875 0.04296875
16 0.52734375 0.56875 0.1109375 0.04296875
16 0.55546875 0.4984375 0.09375 0.040625
16 0.47109375 0.4984375 0.10546875 0.03828125
16 0.70546875 0.34140625 0.0765625 0.03359375
16 0.615625 0.35 0.0796875 0.03125
16 0.5640625 0.2515625 0.0765625 0.02890625
16 0.6296875 0.2546875 0.06953125 0.02890625
16 0.69140625 0.25390625 0.06953125 0.0265625
10 0.83203125 0.29296875 0.08671875 0.03828125