13 0.365625 0.25234375 0.18046875 0.1421875
13 0.359375 0.478125 0.178125 0.13671875
13 0.62734375 0.6234375 0.17578125 0.12734375
13 0.83671875 0.57109375 0.17578125 0.12734375
16 0.1515625 0.3015625 0.15859375 0.115625
16 0.14765625 0.515625 0.15625 0.11328125
16 0.634375 0.85703125 0.14921875 0.103125
16 0.83984375 0.77421875 0.1515625 0.103125
16 0.83203125 0.3890625 0.16796875 0.125
16 0.6296875 0.40234375 0.16796875 0.12265625
16 0.578125 0.209375 0.1703125 0.12734375
16 0.82578125 0.1890625 0.17578125 0.13203125