8 0.62265625 0.234375 0.03359375 0.009375
8 0.58046875 0.2328125 0.0359375 0.009375
8 0.5578125 0.25 0.04296875 0.01171875
8 0.640625 0.25390625 0.13671875 0.0265625
8 0.60234375 0.26953125 0.09140625 0.0171875
8 0.53125 0.259375 0.06953125 0.0171875
8 0.43984375 0.27265625 0.04296875 0.0140625
8 0.40625 0.27265625 0.115625 0.021875
8 0.4703125 0.24296875 0.0578125 0.01171875
8 0.2875 0.2859375 0.10078125 0.01953125
8 0.803125 0.2796875 0.38203125 0.0765625
8 0.27890625 0.18515625 0.228125 0.04296875
8 0.09375 0.21015625 0.18046875 0.0359375