15 0.10234375 0.67421875 0.17578125 0.15390625
15 0.28125 0.6546875 0.2453125 0.16796875
15 0.33203125 0.55546875 0.22109375 0.15859375
15 0.525 0.6765625 0.31015625 0.18984375
15 0.55546875 0.52890625 0.2765625 0.178125
15 0.578125 0.4421875 0.25703125 0.16796875
16 0.67421875 0.26953125 0.12265625 0.071875
16 0.7828125 0.259375 0.14921875 0.071875
16 0.9078125 0.234375 0.15859375 0.0765625
16 0.7921875 0.1671875 0.1296875 0.0671875
16 0.91953125 0.1546875 0.13671875 0.07421875
16 0.91484375 0.07578125 0.146875 0.06953125