13 0.05859375 0.93046875 0.08203125 0.0671875
13 0.11875 0.8140625 0.08203125 0.0671875
13 0.24765625 0.88671875 0.08203125 0.06484375
13 0.57578125 0.8421875 0.07421875 0.06484375
13 0.72578125 0.85 0.071875 0.0625
13 0.7953125 0.82109375 0.071875 0.0671875
13 0.9375 0.4703125 0.0765625 0.0796875
13 0.8734375 0.61875 0.07421875 0.07421875
13 0.7609375 0.35 0.08203125 0.084375
13 0.6609375 0.53359375 0.08203125 0.071875
13 0.63671875 0.65234375 0.07421875 0.071875
13 0.25 0.61875 0.08203125 0.07421875
13 0.3796875 0.68359375 0.08203125 0.06953125
13 0.396875 0.546875 0.084375 0.06953125
13 0.28828125 0.4796875 0.084375 0.0765625
13 0.31640625 0.25703125 0.08671875 0.08671875
13 0.36875 0.125 0.0890625 0.0890625
13 0.4734375 0.35546875 0.08203125 0.08203125
13 0.49609375 0.203125 0.08671875 0.0890625