18 0.1234375 0.24765625 0.09375 0.0484375
18 0.134375 0.31640625 0.09609375 0.0453125
18 0.14453125 0.36328125 0.0984375 0.0484375
18 0.1578125 0.41796875 0.10078125 0.053125
18 0.1421875 0.5109375 0.1078125 0.0578125
18 0.13828125 0.62109375 0.1109375 0.06015625
18 0.15625 0.7296875 0.11796875 0.0625
15 0.2453125 0.2609375 0.084375 0.05078125
15 0.37734375 0.26796875 0.084375 0.0484375
15 0.4984375 0.2703125 0.084375 0.0453125
15 0.61875 0.30078125 0.084375 0.0484375
15 0.7296875 0.3171875 0.084375 0.0484375
15 0.8328125 0.31953125 0.084375 0.0453125
15 0.93515625 0.33203125 0.084375 0.0453125